000008
000009
000012
000021
000027
000028
000031
000032
000034
000039
000046
000050
000060
000061
000062
000066
000078
000089
000090
000155
000156
000158
000301
000400
000401
000402
000403
000415
000423
000426
000488
000501
000513
000519
000528
000537
000539
000540
000543
000547
000553
000559
000563
000564
000581
000591
000598
000600
000623
000629
000630
000636
000656
000671
000681
000683
000685
000686
000690
000703
000709
000717
000718
000723
000728
000729
000732
000733
000738
000739
000750
000758
000778
000783
000785
000799
000807
000813
000818
000825
000826
000830
000831
000869
000877
000878
000883
000887
000893
000898
000921
000930
000932
000933
000937
000958
000959
000960
000961
000967
000970
000975
000983
000987
000988
000990
000997
000998
000999
001203
001227
001286
001872
001914
001965
002002
002004
002008
002010
002013
002019
002025
002028
002030
002032
002038
002044
002048
002051
002056
002064
002065
002074
002075
002078
002080
002081
002085
002092
002093
002110
002120
002124
002127
002128
002131
002138
002146
002152
002153
002155
002156
002174
002180
002183
002185
002191
002192
002195
002202
002203
002212
002217
002221
002223
002233
002240
002242
002244
002249
002250
002261
002262
002266
002268
002273
002281
002294
002299
002302
002317
002318
002326
002340
002353
002368
002372
002373
002375
002382
002384
002385
002387
002390
002396
002399
002407
002408
002409
002410
002414
002416
002419
002422
002423
002424
002429
002430
002432
002434
002436
002439
002440
002444
002458
002463
002465
002468
002472
002487
002497
002500
002503
002505
002506
002507
002508
002511
002517
002518
002531
002532
002544
002557
002558
002563
002568
002572
002583
002589
002595
002600
002603
002607
002608
002624
002625
002635
002640
002648
002653
002670
002673
002683
002690
002701
002705
002709
002738
002739
002745
002756
002761
002791
002797
002807
002815
002818
002821
002831
002839
002841
002850
002865
002867
002901
002920
002925
002926
002936
002939
002941
002945
002946
002948
002957
002958
002966
002984
002985
003022
003031
003035
300001
300002
300003
300009
300010
300012
300017
300024
300026
300037
300054
300058
300070
300072
300073
300088
300113
300114
300115
300118
300133
300134
300136
300140
300142
300144
300146
300166
300168
300180
300182
300207
300212
300223
300244
300251
300253
300257
300271
300274
300285
300296
300308
300315
300316
300324
300339
300357
300363
300373
300376
300383
300390
300394
300395
300418
300438
300459
300463
300474
300476
300482
300487
300496
300502
300529
300558
300567
300568
300573
300595
300601
300604
300618
300630
300676
300677
300682
300699
300724
300741
300748
300751
300763
300765
300769
300776
300803
300832
300850
300861
300866
300869
300888
300919
300957
301029
301165
301236
301267
301301
301308
301358
301498
600004
600006
600007
600008
600021
600022
600026
600027
600032
600037
600038
600039
600053
600056
600060
600062
600064
600066
600073
600079
600089
600094
600095
600096
600098
600109
600118
600120
600126
600129
600131
600132
600141
600143
600153
600155
600157
600158
600160
600161
600166
600167
600170
600171
600177
600188
600195
600201
600208
600216
600219
600233
600236
600256
600258
600259
600260
600266
600271
600273
600277
600282
600291
600295
600297
600298
600299
600307
600312
600315
600316
600325
600329
600338
600339
600348
600350
600352
600361
600369
600372
600373
600376
600377
600378
600380
600388
600390
600392
600398
600399
600409
600410
600415
600416
600418
600426
600435
600446
600460
600466
600481
600482
600483
600486
600487
600497
600498
600499
600500
600507
600511
600515
600516
600517
600521
600522
600528
600529
600535
600536
600545
600546
600549
600556
600563
600566
600567
600572
600575
600578
600580
600582
600583
600597
600598
600606
600612
600623
600633
600637
600639
600640
600642
600643
600645
600648
600649
600655
600657
600663
600664
600667
600673
600675
600685
600688
600699
600704
600705
600707
600717
600718
600720
600728
600729
600732
600733
600737
600739
600748
600754
600755
600763
600764
600765
600776
600779
600782
600787
600801
600803
600804
600808
600811
600816
600820
600823
600827
600835
600839
600848
600859
600862
600863
600867
600869
600871
600872
600873
600875
600879
600881
600884
600885
600895
600901
600903
600906
600908
600909
600917
600925
600927
600928
600956
600959
600967
600968
600970
600977
600985
600988
600995
600998
601000
601001
601003
601005
601016
601019
601058
601061
601068
601077
601098
601099
601106
601108
601117
601118
601127
601128
601139
601155
601156
601158
601162
601168
601179
601187
601198
601200
601212
601216
601228
601231
601233
601298
601333
601399
601456
601512
601555
601567
601568
601577
601598
601607
601608
601611
601615
601636
601665
601666
601689
601696
601699
601717
601718
601778
601799
601801
601828
601858
601860
601865
601866
601868
601869
601872
601880
601918
601928
601933
601958
601965
601966
601969
601975
601990
601991
601992
601997
603000
603026
603056
603077
603087
603127
603129
603156
603160
603179
603185
603198
603218
603225
603228
603233
603256
603260
603267
603290
603298
603305
603317
603328
603338
603341
603345
603355
603377
603379
603444
603456
603486
603515
603517
603529
603556
603568
603589
603596
603605
603606
603613
603638
603650
603658
603688
603707
603708
603712
603719
603728
603737
603786
603806
603816
603826
603858
603866
603868
603882
603883
603885
603888
603893
603899
603927
603939
603979
603983
605117
605358
688002
688005
688006
688009
688017
688029
688032
688047
688052
688063
688065
688072
688082
688088
688099
688105
688107
688114
688120
688122
688153
688169
688172
688180
688185
688188
688200
688208
688213
688220
688234
688248
688249
688256
688276
688278
688281
688289
688295
688297
688301
688321
688331
688348
688349
688361
688363
688375
688385
688387
688390
688425
688469
688475
688516
688520
688521
688525
688536
688538
688561
688563
688567
688578
688617
688690
688728
688772
688777
688778
688779
688819
689009
